Arguments: -d tennis -l 32 (= <default>)

(0, [(2, [1, 0]), 0, (3, [1, 0])])

Arguments: -d balance-scale -l 77

(4, [(2, [2, 2, 2, 2, 2]), (2, [1, 2, 2, 2, 2]), (2, [1, 1, 2, 2, 2]), (3, [2, 1, 1, 1, 1]), (3, [2, 1, 1, 1, 1])])

Arguments: -d car -l 95

(5, [0, (3, [0, (0, [1, 1, 0, 0]), (4, [0, 1, 1])]), (3, [0, (0, [3, 1, 1, 1]), (0, [3, 1, 1, 0])])])

Arguments: -d SPECT -l 42

(13, [(1, [(7, [(11, [(17, [(16, [(22, [(20, [(21, [(14, [(9, [(8, [(18, [(15, [(12, [(3, [(10, [(5, [(19, [(6, [(4, [(2, [0, 1]), 0]), 0]), 1]), 1]), 0]), 1]), 1]), 1]), 1]), 0]), 1]), 0]), 1]), 1]), 1]), 1]), 1]), 1]), 1]), (4, [(6, [(11, [(20, [(10, [0, (22, [1, 0])]), 1]), 0]), (7, [1, 1])]), 1])]), (22, [(10, [(8, [1, (5, [(21, [1, 1]), 1])]), (5, [1, 1])]), (8, [(14, [1, 1]), 1])])])

Arguments: -d KRKPA7 -l 69

(20, [(32, [(9, [(31, [(34, [(5, [(14, [1, 0, 0]), 0]), (14, [(22, [(11, [0, 0]), 0]), 0, 0])]), 1]), 1]), (17, [(6, [1, 1]), (33, [1, 1])])]), 0])
